Running ....
 xor:: a:2 b:106

[0, 17488, 16758, 16599, 16285, 16094, 15505, 15417, 14832, 14450, 13893, 13926, 13437, 12833, 12741, 12533, 11504, 11342, 10503, 10550, 10319, 975, 1007, 892, 893, 660, 743, 267, 344, 264, 339, 208, 216, 242, 172, 74, 49, 119, 113, 119, 1, 104]
h xor:: a:3 b:119

[0, 17488, 16758, 16599, 16285, 16094, 15505, 15417, 14832, 14450, 13893, 13926, 13437, 12833, 12741, 12533, 11504, 11342, 10503, 10550, 10319, 975, 1007, 892, 893, 660, 743, 267, 344, 264, 339, 208, 216, 242, 172, 74, 49, 119, 113, 2, 116]
t xor:: a:5 b:113

[0, 17488, 16758, 16599, 16285, 16094, 15505, 15417, 14832, 14450, 13893, 13926, 13437, 12833, 12741, 12533, 11504, 11342, 10503, 10550, 10319, 975, 1007, 892, 893, 660, 743, 267, 344, 264, 339, 208, 216, 242, 172, 74, 49, 119, 3, 116]
t xor:: a:7 b:119

[0, 17488, 16758, 16599, 16285, 16094, 15505, 15417, 14832, 14450, 13893, 13926, 13437, 12833, 12741, 12533, 11504, 11342, 10503, 10550, 10319, 975, 1007, 892, 893, 660, 743, 267, 344, 264, 339, 208, 216, 242, 172, 74, 49, 4, 112]
p xor:: a:11 b:49

[0, 17488, 16758, 16599, 16285, 16094, 15505, 15417, 14832, 14450, 13893, 13926, 13437, 12833, 12741, 12533, 11504, 11342, 10503, 10550, 10319, 975, 1007, 892, 893, 660, 743, 267, 344, 264, 339, 208, 216, 242, 172, 74, 5, 58]
: xor:: a:101 b:74

[0, 17488, 16758, 16599, 16285, 16094, 15505, 15417, 14832, 14450, 13893, 13926, 13437, 12833, 12741, 12533, 11504, 11342, 10503, 10550, 10319, 975, 1007, 892, 893, 660, 743, 267, 344, 264, 339, 208, 216, 242, 172, 6, 47]
/ xor:: a:131 b:172

[0, 17488, 16758, 16599, 16285, 16094, 15505, 15417, 14832, 14450, 13893, 13926, 13437, 12833, 12741, 12533, 11504, 11342, 10503, 10550, 10319, 975, 1007, 892, 893, 660, 743, 267, 344, 264, 339, 208, 216, 242, 7, 47]
/ xor:: a:151 b:242

[0, 17488, 16758, 16599, 16285, 16094, 15505, 15417, 14832, 14450, 13893, 13926, 13437, 12833, 12741, 12533, 11504, 11342, 10503, 10550, 10319, 975, 1007, 892, 893, 660, 743, 267, 344, 264, 339, 208, 216, 8, 101]
e xor:: a:181 b:216

[0, 17488, 16758, 16599, 16285, 16094, 15505, 15417, 14832, 14450, 13893, 13926, 13437, 12833, 12741, 12533, 11504, 11342, 10503, 10550, 10319, 975, 1007, 892, 893, 660, 743, 267, 344, 264, 339, 208, 9, 109]
m xor:: a:191 b:208

[0, 17488, 16758, 16599, 16285, 16094, 15505, 15417, 14832, 14450, 13893, 13926, 13437, 12833, 12741, 12533, 11504, 11342, 10503, 10550, 10319, 975, 1007, 892, 893, 660, 743, 267, 344, 264, 339, 10, 111]
o xor:: a:313 b:339

[0, 17488, 16758, 16599, 16285, 16094, 15505, 15417, 14832, 14450, 13893, 13926, 13437, 12833, 12741, 12533, 11504, 11342, 10503, 10550, 10319, 975, 1007, 892, 893, 660, 743, 267, 344, 264, 11, 106]
j xor:: a:353 b:264

[0, 17488, 16758, 16599, 16285, 16094, 15505, 15417, 14832, 14450, 13893, 13926, 13437, 12833, 12741, 12533, 11504, 11342, 10503, 10550, 10319, 975, 1007, 892, 893, 660, 743, 267, 344, 12, 105]
i xor:: a:373 b:344

[0, 17488, 16758, 16599, 16285, 16094, 15505, 15417, 14832, 14450, 13893, 13926, 13437, 12833, 12741, 12533, 11504, 11342, 10503, 10550, 10319, 975, 1007, 892, 893, 660, 743, 267, 13, 45]
- xor:: a:383 b:267

[0, 17488, 16758, 16599, 16285, 16094, 15505, 15417, 14832, 14450, 13893, 13926, 13437, 12833, 12741, 12533, 11504, 11342, 10503, 10550, 10319, 975, 1007, 892, 893, 660, 743, 14, 116]
t xor:: a:727 b:743

[0, 17488, 16758, 16599, 16285, 16094, 15505, 15417, 14832, 14450, 13893, 13926, 13437, 12833, 12741, 12533, 11504, 11342, 10503, 10550, 10319, 975, 1007, 892, 893, 660, 15, 48]
0 xor:: a:757 b:660

[0, 17488, 16758, 16599, 16285, 16094, 15505, 15417, 14832, 14450, 13893, 13926, 13437, 12833, 12741, 12533, 11504, 11342, 10503, 10550, 10319, 975, 1007, 892, 893, 16, 97]
a xor:: a:787 b:893

[0, 17488, 16758, 16599, 16285, 16094, 15505, 15417, 14832, 14450, 13893, 13926, 13437, 12833, 12741, 12533, 11504, 11342, 10503, 10550, 10319, 975, 1007, 892, 17, 110]
n xor:: a:797 b:892

[0, 17488, 16758, 16599, 16285, 16094, 15505, 15417, 14832, 14450, 13893, 13926, 13437, 12833, 12741, 12533, 11504, 11342, 10503, 10550, 10319, 975, 1007, 18, 97]
a xor:: a:919 b:1007

[0, 17488, 16758, 16599, 16285, 16094, 15505, 15417, 14832, 14450, 13893, 13926, 13437, 12833, 12741, 12533, 11504, 11342, 10503, 10550, 10319, 975, 19, 120]
x xor:: a:929 b:975

[0, 17488, 16758, 16599, 16285, 16094, 15505, 15417, 14832, 14450, 13893, 13926, 13437, 12833, 12741, 12533, 11504, 11342, 10503, 10550, 10319, 20, 110]
n